datetime: 2021-11-01 21:53:22.112807

embed_size=64, lr=0.00010, mess_dropout=[0.1, 0.1], regs=1e-05, adj_type=norm

Epoch: 0 loss:54.639979004859924 recall:0.01722501590847969 ndcg:0.12984071671962738 training time:247.22233891487122
Epoch: 1 loss:54.337804555892944 recall:0.019568191841244698 ndcg:0.14162221550941467 training time:12.96625304222107


{'Epoch': [0, 1], 'Loss': [54.639979004859924, 54.337804555892944], 'Recall': [0.01722501590847969, 0.019568191841244698], 'NDCG': [0.12984071671962738, 0.14162221550941467], 'Training Time': [247.22233891487122, 12.96625304222107]}

