datetime: 2021-11-13 00:32:13.666637

embed_size=64, lr=0.00010, mess_dropout=[0.1, 0.1], regs=1e-05, adj_type=norm

Epoch: 0 loss:54.67958253622055 recall:0.0303 ndcg:0.0265 training time:12.801254987716675


{'Epoch': [0], 'Loss': [54.67958253622055], 'Recall': [0.0303], 'NDCG': [0.0265], 'Training Time': [12.801254987716675]}

