datetime: 2021-10-26 13:51:45.409063

embed_size=64, lr=0.00010, mess_dropout=[0.1, 0.1, 0.1], regs=1e-05, adj_type=norm

Epoch: 0 loss:54.29347550868988 recall:0.020283658057451248 ndcg:0.1262088119983673 training time:10.934762001037598
Epoch: 1 loss:53.01699298620224 recall:0.030363384634256363 ndcg:0.16518069803714752 training time:10.608544826507568


{'Epoch': [0, 1], 'Loss': [54.29347550868988, 53.01699298620224], 'Recall': [0.020283658057451248, 0.030363384634256363], 'NDCG': [0.1262088119983673, 0.16518069803714752], 'Training Time': [10.934762001037598, 10.608544826507568]}

