datetime: 2021-10-25 00:08:26.303247

embed_size=16, lr=0.01000, mess_dropout=[0.0, 0.0], regs=1e-05, adj_type=norm

{'Epoch': [0, 1], 'Loss': [189.3447277098894, 126.02360650151968], 'Recall': [0.23751389980316162, 0.26370805501937866], 'NDCG': [0.5236725807189941, 0.5858277678489685], 'Training Time': [116.95636487007141, 127.89530801773071]}
