datetime: 2021-11-09 23:29:49.326007

embed_size=64, lr=0.00010, mess_dropout=[0.1, 0.1], regs=1e-05, adj_type=norm

Epoch: 0 loss:54.74788850545883 recall:0.011479226872324944 ndcg:0.041200000792741776 training time:3.2792959213256836


{'Epoch': [0], 'Loss': [54.74788850545883], 'Recall': [0.011479226872324944], 'NDCG': [0.041200000792741776], 'Training Time': [3.2792959213256836]}

