datetime: 2021-11-09 23:30:43.181614

embed_size=64, lr=0.00010, mess_dropout=[0.1, 0.1], regs=1e-05, adj_type=norm

Epoch: 0 loss:54.74527990818024 recall:0.01009433250874281 ndcg:0.03739999979734421 training time:4.786082029342651


{'Epoch': [0], 'Loss': [54.74527990818024], 'Recall': [0.01009433250874281], 'NDCG': [0.03739999979734421], 'Training Time': [4.786082029342651]}

