datetime: 2021-11-09 23:26:18.009788

embed_size=64, lr=0.00010, mess_dropout=[0.1, 0.1], regs=1e-05, adj_type=norm

Epoch: 0 loss:54.749230325222015 recall:0.01190668623894453 ndcg:0.040699999779462814 training time:8.005487203598022


{'Epoch': [0], 'Loss': [54.749230325222015], 'Recall': [0.01190668623894453], 'NDCG': [0.040699999779462814], 'Training Time': [8.005487203598022]}

