datetime: 2021-11-15 23:50:49.662024

embed_size=8, lr=0.00100, mess_dropout=[0.1, 0.1], regs=1e-05, adj_type=norm

Epoch: 0 loss:2908.507156267762 recall:0.2319 ndcg:0.2137 training time:11.45966386795044


{'Epoch': [0], 'Loss': [2908.507156267762], 'Recall': [0.2319], 'NDCG': [0.2137], 'Training Time': [11.45966386795044]}

