datetime: 2021-11-15 23:36:10.944743

embed_size=8, lr=0.00100, mess_dropout=[0.1, 0.1], regs=1e-05, adj_type=norm

Epoch: 0 loss:2935.400925576687 recall:0.2555 ndcg:0.239 training time:10.338527202606201


{'Epoch': [0], 'Loss': [2935.400925576687], 'Recall': [0.2555], 'NDCG': [0.239], 'Training Time': [10.338527202606201]}

