datetime: 2021-11-15 23:46:18.508695

embed_size=8, lr=0.00100, mess_dropout=[0.1, 0.1], regs=1e-05, adj_type=norm

Epoch: 0 loss:2950.8156331181526 recall:0.2842 ndcg:0.2712 training time:8.356434106826782


{'Epoch': [0], 'Loss': [2950.8156331181526], 'Recall': [0.2842], 'NDCG': [0.2712], 'Training Time': [8.356434106826782]}

