datetime: 2021-11-16 00:03:48.598635

embed_size=8, lr=0.00100, mess_dropout=[0.1, 0.1], regs=1e-05, adj_type=norm

Epoch: 0 loss:2157.4005353599787 recall:0.3109 ndcg:0.288 training time:118.36121010780334


{'Epoch': [0], 'Loss': [2157.4005353599787], 'Recall': [0.3109], 'NDCG': [0.288], 'Training Time': [118.36121010780334]}

