datetime: 2021-10-26 13:49:52.602937

embed_size=64, lr=0.00010, mess_dropout=[0.1, 0.1, 0.1], regs=1e-05, adj_type=norm

Epoch: 0 loss:54.75049489736557 recall:0.014415076933801174 ndcg:0.08285771310329437 training time:3.5703988075256348
Epoch: 1 loss:54.7169154882431 recall:0.014281056821346283 ndcg:0.08330397307872772 training time:3.3484740257263184


{'Epoch': [0, 1], 'Loss': [54.75049489736557, 54.7169154882431], 'Recall': [0.014415076933801174, 0.014281056821346283], 'NDCG': [0.08285771310329437, 0.08330397307872772], 'Training Time': [3.5703988075256348, 3.3484740257263184]}

