datetime: 2021-10-25 00:10:25.905674

embed_size=16, lr=0.01000, mess_dropout=[0.0, 0.0], regs=1e-05, adj_type=norm

{'Epoch': [0, 1], 'Loss': [232.38895009458065, 120.33128315210342], 'Recall': [0.24615955352783203, 0.2542291283607483], 'NDCG': [0.5590121746063232, 0.5693838596343994], 'Training Time': [8.62470817565918, 7.620823860168457]}

datetime: 2021-10-26 13:47:42.176197

embed_size=64, lr=0.00010, mess_dropout=[0.1, 0.1, 0.1], regs=1e-05, adj_type=norm

Epoch: 0 loss:54.74968421459198 recall:0.010926620103418827 ndcg:0.079269178211689 training time:3.496724843978882


{'Epoch': [0], 'Loss': [54.74968421459198], 'Recall': [0.010926620103418827], 'NDCG': [0.079269178211689], 'Training Time': [3.496724843978882]}

